10,213
10,227
10,109
10,285
10,265
10,185
10,151
10,215
11,4
11,28
11,29
11,22
11,11
11,27
9,5
8,18
8,4
8,7
8,13
51,4
51,3
51,2
51,1
51,0
50,4
50,3
50,2
50,1
50,0
46,4
46,3
46,2
46,1
46,0
45,4
45,3
45,2
45,1
45,0
43,5
43,4
43,3
43,2
43,1
43,0
40,5
40,4
40,3
40,2
40,1
40,0
38,5
38,4
38,3
38,2
38,1
38,0
26,3
26,1
20,3
20,2
20,1
19,3
19,2
19,1
14,5
12,3
12,2
12,1
11,30
11,25
11,21
11,20
11,12
11,7
11,6
11,5
11,3
11,2
11,1
10,296
18,1
10,292
18,3
10,286
10,252
14,1
10,206
14,3
13,1
10,202
10,112
13,3
10,82
10,3
10,2
10,1
9,7
9,6
9,4
9,3
9,2
9,1
8,16
